Загрузка тренировочных данных...
Загружено 10000 тренировочных изображений
Загрузка тестовых данных...
Загружено 2000 тестовых изображений
Количество классов: 10
Распределение меток в тренировочном наборе: [1000, 1000, 1000, 1000, 1000, 1000, 1000, 1000, 1000, 1000]
Mean: [0.4357755780220032], Std: [0.22964070737361908]
Начало обучения классического перцептрона Розенблатта
Количество A-нейронов: 18816
Скорость обучения: 0.0001
 Эпоха    Train err    Test loss     Test acc    A нейроны
     1     0.500300     2.459665     10.2000%        18816
     2     0.390000     2.403043     10.4000%        18816
     3     0.375200     2.364698     10.4500%        18816
     4     0.365200     2.337793     10.4000%        18816
     5     0.357300     2.312424     10.5000%        18816
     6     0.349900     2.291208     10.6500%        18816
     7     0.344600     2.274645     11.1000%        18816
     8     0.339200     2.261894     11.2500%        18816
     9     0.336700     2.246780     11.6000%        18816
    10     0.333600     2.236317     11.7000%        18816
    11     0.331000     2.227456     11.9500%        18816
    12     0.327900     2.217340     12.2000%        18816
    13     0.325500     2.209070     12.5500%        18816
    14     0.323700     2.201196     12.9500%        18816
    15     0.322000     2.196104     13.0000%        18816
    16     0.320900     2.190287     13.2500%        18816
    17     0.317900     2.184346     13.2000%        18816
    18     0.316900     2.179450     13.4500%        18816
    19     0.315500     2.173879     13.8000%        18816
    20     0.314100     2.170148     14.0000%        18816
    21     0.312300     2.164593     14.5000%        18816
    22     0.311700     2.159435     14.8000%        18816
    23     0.310000     2.155846     14.9000%        18816
    24     0.308700     2.152449     15.0000%        18816
    25     0.307600     2.149450     15.0500%        18816
    26     0.305600     2.145958     15.1000%        18816
    27     0.304600     2.143676     15.2000%        18816
    28     0.303800     2.140412     15.4500%        18816
    29     0.303400     2.138588     15.5500%        18816
    30     0.302500     2.136548     15.7000%        18816
    31     0.301500     2.132683     16.1000%        18816
    32     0.300900     2.130358     16.1500%        18816
    33     0.300100     2.127505     16.5000%        18816
    34     0.298900     2.125748     16.6500%        18816
    35     0.297900     2.123799     17.0000%        18816
    36     0.296700     2.121567     17.4500%        18816
    37     0.295800     2.118908     17.4500%        18816
    38     0.294100     2.117411     17.5500%        18816
    39     0.292600     2.115705     17.8000%        18816
    40     0.291900     2.114466     17.8000%        18816
    41     0.291300     2.113189     17.8500%        18816
    42     0.290700     2.112037     17.8500%        18816
    43     0.290200     2.114470     17.5500%        18816
    44     0.288900     2.109577     17.9500%        18816
    45     0.287200     2.110619     17.8000%        18816
    46     0.287400     2.109396     17.8000%        18816
    47     0.286700     2.104473     18.2500%        18816
    48     0.284900     2.106935     17.7500%        18816
    49     0.284000     2.101892     18.3500%        18816
    50     0.283200     2.103113     18.1000%        18816
    51     0.282800     2.102145     18.0500%        18816
    52     0.281800     2.097529     18.6000%        18816
    53     0.281700     2.099985     18.2500%        18816
    54     0.281000     2.098323     18.4500%        18816
    55     0.280100     2.094508     18.6500%        18816
    56     0.278900     2.093525     18.8500%        18816
    57     0.278100     2.092575     18.8000%        18816
    58     0.277900     2.091406     18.7500%        18816
    59     0.276600     2.090460     19.0000%        18816
    60     0.276600     2.089668     19.0000%        18816
    61     0.275700     2.092138     18.7000%        18816
    62     0.275800     2.088213     19.1000%        18816
    63     0.274200     2.087032     19.1500%        18816
    64     0.273600     2.086000     19.0500%        18816
    65     0.272100     2.084922     19.1000%        18816
    66     0.272600     2.084167     19.3500%        18816
    67     0.272000     2.083469     19.6000%        18816
    68     0.270800     2.082334     19.4500%        18816
    69     0.270300     2.081093     19.5500%        18816
    70     0.269900     2.083885     19.0000%        18816
    71     0.269200     2.079958     19.5500%        18816
    72     0.268800     2.078655     19.6500%        18816
    73     0.267400     2.078089     19.9500%        18816
    74     0.267200     2.078364     19.7500%        18816
    75     0.266900     2.076635     20.0000%        18816
    76     0.266100     2.079421     19.3500%        18816
    77     0.265600     2.075410     20.1000%        18816
    78     0.263900     2.074494     20.1000%        18816
    79     0.264000     2.073743     20.1500%        18816
    80     0.262900     2.073015     20.2000%        18816
    81     0.262400     2.075555     19.6000%        18816
    82     0.261900     2.071500     20.2500%        18816
    83     0.260900     2.071113     20.3500%        18816
    84     0.260800     2.070604     20.3500%        18816
    85     0.260400     2.073245     19.9000%        18816
    86     0.259800     2.069702     20.3000%        18816
    87     0.259300     2.068718     20.3000%        18816
    88     0.258300     2.068142     20.4000%        18816
    89     0.257800     2.070681     20.0000%        18816
    90     0.258500     2.067054     20.4500%        18816
    91     0.257500     2.067050     20.3000%        18816
    92     0.256700     2.066826     20.3500%        18816
    93     0.256400     2.066263     20.4000%        18816
    94     0.255600     2.066123     20.5000%        18816
    95     0.255500     2.065297     20.5500%        18816
    96     0.255300     2.064873     20.3500%        18816
    97     0.254100     2.066580     20.0500%        18816
    98     0.254400     2.063997     20.4000%        18816
    99     0.254300     2.063584     20.4000%        18816
   100     0.253600     2.065755     20.0500%        18816
   101     0.253600     2.065254     20.0500%        18816
   102     0.253400     2.062743     20.3500%        18816
   103     0.252300     2.062260     20.4000%        18816
   104     0.252500     2.061791     20.4500%        18816
   105     0.252400     2.061447     20.5000%        18816
   106     0.252000     2.061116     20.5000%        18816
   107     0.251300     2.063587     20.1500%        18816
   108     0.250800     2.060101     20.5500%        18816
   109     0.250700     2.060034     20.5000%        18816
   110     0.250100     2.059556     20.6000%        18816
   111     0.250500     2.062181     20.1500%        18816
   112     0.250800     2.058558     20.7000%        18816
   113     0.249600     2.058110     20.6000%        18816
   114     0.249100     2.061008     20.1500%        18816
   115     0.248400     2.057506     20.6500%        18816
   116     0.248400     2.056928     20.6500%        18816
   117     0.248100     2.059859     20.2000%        18816
   118     0.248100     2.056657     20.6500%        18816
   119     0.246800     2.055806     20.7000%        18816
   120     0.247300     2.058356     20.2500%        18816
   121     0.246600     2.055725     20.6000%        18816
   122     0.245200     2.054870     20.8000%        18816
   123     0.245000     2.057377     20.3500%        18816
   124     0.245700     2.054254     20.8500%        18816
   125     0.244600     2.053771     20.9000%        18816
   126     0.244500     2.056778     20.3500%        18816
   127     0.244600     2.053347     20.9500%        18816
   128     0.243700     2.053052     21.0500%        18816
   129     0.243400     2.055886     20.3000%        18816
   130     0.242800     2.053347     20.8500%        18816
   131     0.241800     2.051800     21.1500%        18816
   132     0.242000     2.051677     21.1500%        18816
   133     0.241500     2.051534     21.1500%        18816
   134     0.241300     2.053995     20.4000%        18816
   135     0.241200     2.050677     21.1500%        18816
   136     0.240700     2.050780     21.1500%        18816
   137     0.239700     2.053211     20.5500%        18816
   138     0.240500     2.050086     21.2000%        18816
   139     0.239600     2.050008     21.2000%        18816
   140     0.239200     2.049739     21.2500%        18816
   141     0.238700     2.049551     21.3000%        18816
   142     0.238100     2.052467     20.7000%        18816
   143     0.238100     2.049204     21.3000%        18816
   144     0.237000     2.048750     21.3000%        18816
   145     0.237100     2.048776     21.3000%        18816
   146     0.236800     2.048380     21.2500%        18816
   147     0.236400     2.051150     20.7000%        18816
   148     0.235900     2.047621     21.5000%        18816
   149     0.236100     2.047763     21.4000%        18816
   150     0.235700     2.047541     21.4500%        18816
   151     0.234700     2.049664     20.7000%        18816
   152     0.235600     2.046875     21.3500%        18816
   153     0.234700     2.046752     21.3000%        18816
   154     0.234100     2.046383     21.3500%        18816
   155     0.233800     2.047116     21.3000%        18816
   156     0.233400     2.049000     20.8000%        18816
   157     0.233100     2.045535     21.4500%        18816
   158     0.232500     2.045236     21.4500%        18816
   159     0.232600     2.045637     21.3500%        18816
   160     0.232700     2.047880     20.8500%        18816
   161     0.232900     2.045554     21.3500%        18816
Нет улучшения в течение 3 эпох, запускаем pruning...
Удалено 0 мёртвых A-нейронов
Удалено 832 коррелирующих A-нейронов
Удалено 832 A-нейронов
   161     0.232900     2.067291     23.6000%        17984
   162     0.250000     2.073857     18.5500%        17984
   163     0.244100     2.061239     20.3500%        17984
   164     0.242900     2.056637     20.5000%        17984
   165     0.241600     2.054805     20.7500%        17984
   166     0.241300     2.053276     21.1000%        17984
   167     0.240200     2.052588     21.2500%        17984
   168     0.241000     2.052189     21.1000%        17984
   169     0.240000     2.051679     21.3000%        17984
   170     0.239700     2.051121     21.3500%        17984
   171     0.239200     2.051291     21.1000%        17984
   172     0.239400     2.051366     21.0000%        17984
   173     0.238800     2.050915     21.1000%        17984
   174     0.238600     2.050317     21.2500%        17984
   175     0.237700     2.050018     21.2500%        17984
   176     0.237700     2.050549     21.0000%        17984
   177     0.237700     2.050402     21.0500%        17984
   178     0.237700     2.049087     21.3000%        17984
   179     0.237100     2.048493     21.5500%        17984
   180     0.237000     2.048900     21.2000%        17984
   181     0.236300     2.048082     21.4500%        17984
   182     0.235800     2.048418     21.3000%        17984
   183     0.235700     2.048388     21.2500%        17984
   184     0.235200     2.047681     21.2000%        17984
   185     0.235600     2.047602     21.2000%        17984
   186     0.234100     2.047385     21.3500%        17984
   187     0.233500     2.046967     21.5000%        17984
   188     0.234400     2.047190     21.4000%        17984
   189     0.233300     2.047009     21.5000%        17984
   190     0.233200     2.046747     21.4500%        17984
   191     0.233500     2.046691     21.4000%        17984
   192     0.232300     2.045461     21.7000%        17984
   193     0.232100     2.045384     21.8500%        17984
   194     0.232200     2.046013     21.4500%        17984
   195     0.231700     2.044963     22.0500%        17984
   196     0.231500     2.045433     21.5500%        17984
   197     0.231400     2.044892     21.8000%        17984
   198     0.230500     2.045452     21.7000%        17984
   199     0.230900     2.045265     21.8500%        17984
   200     0.230400     2.044974     21.8500%        17984
Нет улучшения в течение 3 эпох, запускаем pruning...
Удалено 0 мёртвых A-нейронов
Удалено 0 коррелирующих A-нейронов
Pruning не удалил ни одного нейрона, дальнейшее обучение бесполезно. Остановка.

Обучение завершено.
Финальная точность на тесте: 21.8500%
Финальная потеря на тесте: 2.044974
Оставшееся количество A-нейронов: 17984
