Загрузка тренировочных данных...
Загружено 10000 тренировочных изображений
Загрузка тестовых данных...
Загружено 2000 тестовых изображений
Количество классов: 10
Распределение меток в тренировочном наборе: [1000, 1000, 1000, 1000, 1000, 1000, 1000, 1000, 1000, 1000]
Mean: [0.4357755780220032], Std: [0.22964070737361908]
Начало обучения классического перцептрона Розенблатта
Количество A-нейронов: 18816
Скорость обучения: 0.0001
 Эпоха    Train err    Test loss     Test acc    A нейроны
     1     0.507600     2.400853     10.3000%        18816
     2     0.384700     2.364552     10.4000%        18816
     3     0.370700     2.336073     10.5000%        18816
     4     0.359800     2.315380     10.7000%        18816
     5     0.352300     2.294959     10.9500%        18816
     6     0.344400     2.279761     10.9500%        18816
     7     0.338100     2.264724     11.2500%        18816
     8     0.333700     2.252967     11.5500%        18816
     9     0.328000     2.242409     11.8000%        18816
    10     0.325200     2.232136     12.0000%        18816
    11     0.321800     2.224401     12.1500%        18816
    12     0.320200     2.216762     12.3000%        18816
    13     0.317000     2.208776     12.4000%        18816
    14     0.314900     2.200922     12.6000%        18816
    15     0.313500     2.195854     12.7000%        18816
    16     0.311500     2.190247     12.7500%        18816
    17     0.309800     2.185074     12.8000%        18816
    18     0.308800     2.179507     13.0000%        18816
    19     0.306000     2.173758     13.2500%        18816
    20     0.304100     2.169758     13.3000%        18816
    21     0.303400     2.165340     13.4000%        18816
    22     0.301700     2.161862     13.7500%        18816
    23     0.300700     2.159184     13.7000%        18816
    24     0.299500     2.155219     13.9500%        18816
    25     0.297700     2.151903     14.0000%        18816
    26     0.296900     2.148322     14.2000%        18816
    27     0.295400     2.146353     14.3500%        18816
    28     0.295000     2.143157     14.6500%        18816
    29     0.294400     2.141479     14.6500%        18816
    30     0.293500     2.138384     14.7000%        18816
    31     0.291900     2.136579     14.7000%        18816
    32     0.292000     2.134042     14.7500%        18816
    33     0.290800     2.131994     14.8000%        18816
    34     0.290100     2.129429     14.9500%        18816
    35     0.289400     2.127027     15.1000%        18816
    36     0.287800     2.125892     15.3000%        18816
    37     0.286900     2.123317     15.6000%        18816
    38     0.286500     2.122508     15.4500%        18816
    39     0.285800     2.120309     15.8000%        18816
    40     0.284200     2.118981     15.8000%        18816
    41     0.284200     2.117593     15.8500%        18816
    42     0.282400     2.115989     15.9000%        18816
    43     0.282200     2.114383     16.0000%        18816
    44     0.281500     2.112301     16.0500%        18816
    45     0.279700     2.111130     16.1500%        18816
    46     0.280000     2.109867     16.3000%        18816
    47     0.279200     2.108739     16.3000%        18816
    48     0.278500     2.107719     16.2500%        18816
    49     0.277000     2.105621     16.4500%        18816
    50     0.276300     2.104514     16.4500%        18816
    51     0.275500     2.103721     16.5500%        18816
    52     0.274800     2.102656     16.6000%        18816
    53     0.274400     2.101924     16.6000%        18816
    54     0.274100     2.101051     16.7000%        18816
    55     0.273000     2.099478     16.9500%        18816
    56     0.272200     2.098639     16.9500%        18816
    57     0.271400     2.098050     17.0500%        18816
    58     0.270000     2.095762     17.2000%        18816
    59     0.270100     2.095245     17.3000%        18816
    60     0.269500     2.094366     17.2000%        18816
    61     0.268600     2.093028     17.4500%        18816
    62     0.267900     2.092741     17.7500%        18816
    63     0.267500     2.091727     17.5000%        18816
    64     0.266500     2.091065     17.8500%        18816
    65     0.266900     2.090383     18.0000%        18816
    66     0.265600     2.089785     18.0000%        18816
    67     0.264900     2.089072     18.0500%        18816
    68     0.264500     2.088077     18.1000%        18816
    69     0.264100     2.087699     18.1000%        18816
    70     0.263400     2.086814     17.9000%        18816
    71     0.262000     2.085396     18.0500%        18816
    72     0.261600     2.085596     18.3500%        18816
    73     0.261400     2.084795     18.2500%        18816
    74     0.260400     2.083480     18.4000%        18816
    75     0.260100     2.082568     18.1500%        18816
    76     0.259600     2.082632     18.3500%        18816
    77     0.259100     2.082071     18.4500%        18816
    78     0.258500     2.081178     18.5000%        18816
    79     0.258600     2.080558     18.4000%        18816
    80     0.257600     2.079747     18.3500%        18816
    81     0.256800     2.079558     18.3500%        18816
    82     0.255700     2.079085     18.4000%        18816
    83     0.255800     2.078550     18.4500%        18816
    84     0.255600     2.078089     18.5500%        18816
    85     0.255000     2.077535     18.6500%        18816
    86     0.254200     2.077285     18.6000%        18816
    87     0.254200     2.076431     18.6000%        18816
    88     0.254200     2.075764     18.7500%        18816
    89     0.253600     2.075752     18.6000%        18816
    90     0.253700     2.074799     18.7000%        18816
    91     0.252800     2.074276     18.7000%        18816
    92     0.252200     2.074255     18.6500%        18816
    93     0.252000     2.073094     18.7500%        18816
    94     0.251100     2.072256     18.8500%        18816
    95     0.251000     2.072397     18.9500%        18816
    96     0.250700     2.072469     18.8500%        18816
    97     0.249800     2.070835     18.9500%        18816
    98     0.248700     2.071132     18.7500%        18816
    99     0.248900     2.071340     18.9500%        18816
   100     0.248700     2.070121     19.1500%        18816
   101     0.247000     2.069604     19.1500%        18816
   102     0.247800     2.069112     19.0500%        18816
   103     0.246700     2.068575     19.0500%        18816
   104     0.246500     2.068897     19.3500%        18816
   105     0.246200     2.068114     19.4500%        18816
   106     0.245600     2.067292     19.2500%        18816
   107     0.244700     2.066759     19.5000%        18816
   108     0.244100     2.067000     19.4000%        18816
   109     0.243600     2.066891     19.3000%        18816
   110     0.244400     2.066714     19.4500%        18816
   111     0.244300     2.065802     19.4500%        18816
   112     0.242800     2.065166     19.6000%        18816
   113     0.243200     2.064227     19.5500%        18816
   114     0.241700     2.063530     19.6500%        18816
   115     0.241500     2.063235     19.7500%        18816
   116     0.241100     2.063786     19.6500%        18816
   117     0.241300     2.062955     19.5000%        18816
   118     0.240700     2.063285     19.6000%        18816
   119     0.240100     2.061903     19.7500%        18816
   120     0.240700     2.063284     19.4500%        18816
   121     0.239500     2.062077     19.6500%        18816
   122     0.238700     2.061093     19.8000%        18816
   123     0.239100     2.062178     19.5500%        18816
   124     0.237700     2.060909     19.8000%        18816
   125     0.237900     2.060530     19.8500%        18816
   126     0.238000     2.059905     19.9000%        18816
   127     0.237200     2.059635     19.8500%        18816
   128     0.236500     2.059669     19.8500%        18816
   129     0.235900     2.059519     19.8500%        18816
   130     0.236000     2.058569     19.8500%        18816
   131     0.235600     2.059548     19.8500%        18816
   132     0.235300     2.059268     19.8500%        18816
   133     0.234800     2.059597     19.7500%        18816
Нет улучшения в течение 3 эпох, запускаем pruning...
Удалено 0 мёртвых A-нейронов
Удалено 780 коррелирующих A-нейронов
Удалено 780 A-нейронов
   133     0.234800     2.084481     21.9500%        18036
Прореживание повысило точность.

Обучение завершено.
Финальная точность на тесте: 21.9500%
Финальная потеря на тесте: 2.084481
Оставшееся количество A-нейронов: 18036
